782
779.4
776.8
774.2
771.5
768.9
766.3
763.7
761.1
758.5
755.8
753.2
750.6
748
745.4
742.8
740.2
737.5
734.9
732.3
729.7
727.1
724.5
721.8
719.2
716.6
714
711.4
708.8
706.2
703.5
700.9
698.3
695.7
693.1
690.5
687.8
685.2
682.6
680
677.4
674.8
672.2
669.5
666.9
664.3
661.7
659.1
656.5
653.8
651.2
648.6
646
643.4
640.8
638.2
635.5
632.9
630.3
627.7
625.1
622.5
619.8
617.2
614.6
612
609.4
606.8
604.2
601.5
598.9
595.6
593.7
591.1
588.5
585.8
583.2
580.6
578
575.4
572.8
570.2
567.5
564.9
562.3
559.7
557.1
554.5
551.8
549.2
546.6
544
541.4
538.8
536.2
533.5
530.9
528.3
525.7
523.1
520.5
517.8
515.2
512.6
510
507.4
504.8
502.2
499.5
496.9
494.3
491.7
489.1
486.5
483.8
481.2
478.6
476
473.4
470.8
468.2
465.5
462.9
460.3
457.7
455.1
452.3
449.8
447.2
444.6
442
439.4
436.8
434.2
431.5
428.9
426.3
423.7
421.1
418.5
415.8
413.2
410.6
408
405.4
402.8
400.2
397.5
394.9
392.3
389.7
387.1
384.5
381.8
379.2
376.6
374
371.4
368.8
366.2
363.5
360.9
358.3
355.7
353.1
350.5
347.8
345.2
342.6
340
337.4
334.8
332.2
329.5
326.9
324.3
321.7
319.1
316.5
313.8
311.2
308.6
306
303.4
300.8
298.2
295.5
292.9
290.3
287.7
285.1
282.5
279.8
277.2
274.6
272
269.4
266.8
264.2
261.5
258.9
256.3
253.7
250.3
248.5
245.8
243.2
240.6
238
235.4
232.8
230.2
227.5
224.9
222.3
219.7
217.1
214.5
211.8
209.2
206.6
204
201.4
198.8
196.2
193.5
190.9
188.3
185.7
183.1
180.5
177.8
175.2
172.6
170
167.4
164.8
162.2
159.5
156.9
154.3
151.7
149.1
146.5
143.8
141.2
138.6
136
133.4
130.8
128.2
125.5
122.9
120.3
117.7
115.1
112.5
109.8
107.2
104.6
102
99.4
96.8
94.2
91.5
88.9
86.3
83.7
81.1
78.5
75.8
73.2
70.6
68
65.4
62.8
60.2
57.5
54.9
52.3
49.7
47.1
44.5
41.8
39.2
36.6
34
31.4
28.8
26.2
23.5
20.9
18.3
15.7
13.1
10.5
7.8
5.2
2.6
0
0
0
0
0
0