MEMORY
  total           13480 KB
  struct            158 KB
  buffer              9 KB
  arena           13312 KB, used 0.0%

SIZES
  narena                13631488
  nbuffer               9680
  nplugin               0
  maxuse_stack          528
  maxuse_arena          528
  maxuse_con            0
  maxuse_efc            0
  ncon                  0
  ne                    0
  nf                    0
  nl                    0
  nefc                  0
  nJ                    0
  efm_active            0
  nefmK                 0
  nefmcon               0
  nefmT                 0
  nefmA                 0
  nefmdof               0
  nefmL                 0
  nY                    0
  nA                    0
  nisland               0
  nidof                 0
  ntree_awake           1
  nbody_awake           3
  nparent_awake         2
  nv_awake              9
  flg_energypos         0
  flg_energyvel         0
  flg_subtreevel        0
  flg_rnepost           0
  threadpool            0

TIMER
    0:  duration =  1.7e+03    number = 22176
    1:  duration =  1.5e+03    number = 22177
    2:  duration =  0          number = 0
    3:  duration =  8.7e+02    number = 22177
    4:  duration =  4.3e+02    number = 22177
    5:  duration =  8          number = 22177
    6:  duration =  19         number = 22177
    7:  duration =  1.7e+02    number = 22176
    8:  duration =  2.4e+02    number = 22177
    9:  duration =  1.2e+02    number = 22177
    10:  duration =  2.7e+02    number = 22177
    11:  duration =  1.6e+02    number = 22177
    12:  duration =  7.3        number = 22177
    13:  duration =  2e+02      number = 22177
    14:  duration =  55         number = 22177

ENERGY =   0         0       

TIME =  44      

QPOS
   61      
  -55      
   9.4e+02 
  -0.99    
   0.095   
   0.023   
   0.1     
   0.7     
   0.44    
   0.55    
   0.054   

QVEL
   2.5     
  -0.69    
  -1.4     
  -0.23    
   0.88    
  -5.8     
   0.031   
   0.087   
  -0.0039  

QACC_WARMSTART
  -1.5     
  -8.5     
   3.8     
  -0.18    
  -2       
  -1.5     
   0.038   
  -0.41    
   0.088   

QFRC_APPLIED
   0       
   0       
   0       
   0       
   0       
   0       
   0       
   0       
   0       

XFRC_APPLIED
   0         0         0         0         0         0       
   4        -1.5       0         0         0        -99      
   0         0         0         0         0         0       

QACC
  -1.5     
  -8.5     
   3.8     
  -0.18    
  -2       
  -1.5     
   0.038   
  -0.41    
   0.088   

TREE_ASLEEP
  -11

XPOS
   0         0         0       
   61       -55        9.4e+02 
   61       -56        9.4e+02 

XQUAT
   1         0         0         0       
  -0.99      0.095     0.023     0.094   
  -0.76     -0.42     -0.5       0.055   

XMAT
   1         0         0         0         1         0         0         0         1       
   0.98      0.19     -0.028    -0.18      0.96      0.19      0.064    -0.18      0.98    
   0.5       0.5       0.7       0.34      0.64     -0.7      -0.8       0.59      0.15    

XIPOS
   0         0         0       
   61       -55        9.4e+02 
   61       -56        9.4e+02 

XIMAT
   1         0         0         0         1         0         0         0         1       
   0.98      0.19     -0.028    -0.18      0.96      0.19      0.064    -0.18      0.98    
   0.5       0.5       0.7       0.34      0.64     -0.7      -0.8       0.59      0.15    

XANCHOR
   61       -55        9.4e+02 
   61       -56        9.4e+02 

XAXIS
   0         0         1       
  -0.028     0.19      0.98    

GEOM_XPOS
   0         0         0       
   61       -55        9.4e+02 
   61       -56        9.4e+02 

GEOM_XMAT
   1         0         0         0         1         0         0         0         1       
   0.98      0.19     -0.028    -0.18      0.96      0.19      0.064    -0.18      0.98    
   0.5       0.5       0.7       0.34      0.64     -0.7      -0.8       0.59      0.15    

LIGHT_XPOS
   0         0         2e+03   

LIGHT_XDIR
   0         0        -1       

SUBTREE_COM
   61       -56        9.4e+02 
   61       -56        9.4e+02 
   61       -56        9.4e+02 

CDOF
   0         0         0         1         0         0       
   0         0         0         0         1         0       
   0         0         0         0         0         1       
   0.98     -0.18      0.064     0.24      1.2      -0.23    
   0.19      0.96     -0.18     -1.2       0.23     -0.08    
  -0.028     0.19      0.98      2.3e-14   1.1e-14  -1.4e-15 
   0.5       0.34     -0.8       0.12     -0.12      0.027   
   0.5       0.64      0.59      0.13     -0.13      0.029   
   0.7      -0.7       0.15     -0.18     -0.17      0.029   

CINERT
   0         0         0         0         0         0         0         0         0         0       
   0.33      0.39      0.11      0.016     0.0034   -0.056    -0.0071    0.048     0.25      0.2     
   0.067     0.065     0.01      0.0037    0.001    -0.011     0.0071   -0.048    -0.25      1       

CRB
   0         0         0         0         0         0         0         0         0         0       
   0.39      0.45      0.12      0.02      0.0044   -0.067    -1.1e-14   4.3e-15  -1.6e-13   1.2     
   0.067     0.065     0.01      0.0037    0.001    -0.011     0.0071   -0.048    -0.25      1       

M
     0:  1.2     
     0:  0          1:  1.2     
     0:  0          1:  0          2:  1.2     
     0:  0.29       1:  1.4        2: -0.28       3:  2.3     
     0: -1.5        1:  0.27       2: -0.096      3:  0.0032     4:  2.3     
     0: -7.1e-15    1: -2.9e-15    2:  3.8e-16    3:  2.8e-05    4: -1.9e-05    5:  0.11    
     0:  0          1:  0          2:  0          3:  0.0031     4:  0.0046     5: -0.0059     6:  0.0081  
     0:  0          1:  0          2:  0          3:  0.0034     4:  0.0049     5:  0.0055     6:  2.2e-19    7:  0.0081  
     0:  0          1:  0          2:  0          3:  0.001      4: -0.00071    5: -6.1e-06    6: -8e-18      7: -5.6e-18    8:  0.0012  

QLD
     0:  0.24    
     0: -0.035      1:  0.21    
     0: -0.022      1:  0.16       2:  1.2     
     0:  0.13       1:  0.64       2: -0.12       3:  2.3     
     0: -0.63       1:  0.12       2: -0.041      3: -7.5e-17    4:  2.3     
     0: -7.1e-14    1: -2.9e-14    2:  3.8e-15    3: -6.4e-14    4:  9.5e-14    5:  0.1     
     0:  0          1:  0          2:  0          3:  0.38       4:  0.57       5: -0.73       6:  0.0081  
     0:  0          1:  0          2:  0          3:  0.42       4:  0.6        5:  0.68       6:  2.7e-17    7:  0.0081  
     0:  0          1:  0          2:  0          3:  0.83       4: -0.56       5: -0.0049     6: -6.4e-15    7: -4.5e-15    8:  0.0012  

QLDIAGINV
   4.2     
   4.7     
   0.86    
   0.44    
   0.43    
   10      
   1.2e+02 
   1.2e+02 
   8e+02   

QH
     0:  0.24    
     0: -0.035      1:  0.21    
     0: -0.022      1:  0.16       2:  1.2     
     0:  0.13       1:  0.64       2: -0.12       3:  2.3     
     0: -0.63       1:  0.12       2: -0.041      3:  6.7e-05    4:  2.3     
     0: -7e-14      1: -2.9e-14    2:  3.7e-15    3:  1.3e-05    4: -9.1e-06    5:  0.1     
     0:  0          1:  0          2:  0          3:  0.34       4:  0.5        5: -0.65       6:  0.0091  
     0:  0          1:  0          2:  0          3:  0.37       4:  0.54       5:  0.61       6:  2.4e-17    7:  0.0091  
     0:  0          1:  0          2:  0          3:  0.46       4: -0.31       5: -0.0027     6: -3.6e-15    7: -2.5e-15    8:  0.0022  

QHDIAGINV
   4.2     
   4.7     
   0.86    
   0.44    
   0.43    
   9.9     
   1.1e+02 
   1.1e+02 
   4.4e+02 

TREE_AWAKE
  1

BODY_AWAKE
  -1 1 1

BODY_AWAKE_IND
  0 1 2

PARENT_AWAKE_IND
  1 2

DOF_AWAKE_IND
  0 1 2 3 4 5 6 7 8

CVEL
   0         0         0         0         0         0       
   0.1      -0.23     -5.9       1.4      -0.75     -1.5     
   0.16     -0.16     -5.9       1.4      -0.76     -1.5     

CDOF_DOT
   0         0         0         0         0         0       
   0         0         0         0         0         0       
   0         0         0         0         0         0       
   0         0        -0        -0.31     -1.6       0.21    
  -0         0         0         1.5       0.18      2.5     
   0        -0         0        -0.38     -2.4       0.46    
   2.2      -2.9       0.15      0.39     -0.38      0.85    
   3.6      -3         0.18     -0.26     -2.3       1.3     
  -4.1      -4.1       0.088    -2.2      -0.19     -0.47    

QFRC_BIAS
  -0.56    
   8       
   11      
   8.8     
   2       
  -0.02    
  -0.015   
  -0.021   
   0.00065 

QFRC_SPRING
   0       
   0       
   0       
   0       
   0       
   0       
   0       
   0       
   0       

QFRC_DAMPER
   0       
   0       
   0       
   0       
   0       
   0       
  -0.016   
  -0.044   
   0.002   

QFRC_GRAVCOMP
   0       
   0       
   0       
   0       
   0       
   0       
   0       
   0       
   0       

QFRC_FLUID
  -3.5     
  -1.4     
   16      
   0.92    
  -21      
   97      
  -0.0003  
   0.00016 
   4.3e-07 

QFRC_PASSIVE
  -3.5     
  -1.4     
   16      
   0.92    
  -21      
   97      
  -0.016   
  -0.043   
   0.002   

SUBTREE_LINVEL
   0         0         0       
   0         0         0       
   0         0         0       

SUBTREE_ANGMOM
   0         0         0       
   0         0         0       
   0         0         0       

QFRC_ACTUATOR
   0       
   0       
   0       
   0       
   0       
   0       
   0       
   0       
   0       

QFRC_SMOOTH
   1.1     
  -11      
   4.8     
  -14      
  -5.2     
  -0.16    
  -0.00074 
  -0.022   
   0.0014  

QACC_SMOOTH
  -1.5     
  -8.5     
   3.8     
  -0.18    
  -2       
  -1.5     
   0.038   
  -0.41    
   0.088   

QFRC_CONSTRAINT
   0       
   0       
   0       
   0       
   0       
   0       
   0       
   0       
   0       

QFRC_INVERSE
   0       
   0       
   0       
   0       
   0       
   0       
   0       
   0       
   0       

CACC
   0         0         0         0         0         0       
   0         0         0         0         0         0       
   0         0         0         0         0         0       

CFRC_INT
   0         0         0         0         0         0       
   0         0         0         0         0         0       
   0         0         0         0         0         0       

CFRC_EXT
   0         0         0         0         0         0       
   0         0         0         0         0         0       
   0         0         0         0         0         0       

